0, 0
0, 1, 0
0, 0, 0, 0
0, 0, 1, 0, 0
0, 0, 0, 0, 0, 0
0, 0, 0, 3, 0, 0, 0
0, 0, 0, 0, 0, 0, 0, 0
0, 0, 0, 2, 21, 2, 0, 0, 0
0, 0, 0, 0, 0, 0, 0, 0, 0, 0
0, 0, 0, 0, 127, 613, 127, 0, 0, 0, 0
0, 0, 0, 0, 0, 0, 0, 0, 0, 0, 0, 0
0, 0, 0, 0, 211, 16610, 58894, 16610, 211, 0, 0, 0, 0
0, 0, 0, 0, 0, 0, 0, 0, 0, 0, 0, 0, 0, 0
0, 0, 0, 0, 127, 173337, 5724089, 17001258, 5724089, 173337, 127, 0, 0, 0, 0
0, 0, 0, 0, 0, 0, 0, 0, 0, 0, 0, 0, 0, 0, 0, 0
0, 0, 0, 0, 22, 913869, 260577888, 5560851506, 14824281524, 5560851506, 260577888, 913869, 22, 0, 0, 0, 0
0, 0, 0, 0, 0, 0, 0, 0, 0, 0, 0, 0, 0, 0, 0, 0, 0, 0
0, 0, 0, 0, 1, 2668040, 6900819261, 969386110957, 15994688084064, 39871721434052, 15994688084064, 969386110957, 6900819261, 2668040, 1, 0, 0, 0, 0
0, 0, 0, 0, 0, 0, 0, 0, 0, 0, 0, 0, 0, 0, 0, 0, 0, 0, 0, 0
